function bits = fill_speech_program_store()
  bits = [ ...
    256, 180512, 180608, 256, 180608, 17312, 82689, 218115, 17088, 82443, 218125, 196869, 213046, 82434, 218129, 196876, ...
    213046, 82435, 218133, 196882, 213046, 82436, 218137, 196886, 213046, 82437, 218141, 196893, 213046, 82438, 218145, 196898, ...
    213046, 82439, 218149, 196904, 213046, 82440, 218153, 196913, 213046, 82441, 218157, 196923, 213046, 82442, 218161, 196928, ...
    213046, 196865, 213043, 257, 180608, 212995, 257, 180608, 213049, 256, 180608, 17312, 82689, 218169, 17088, 82444, ...
    218179, 196858, 213068, 82445, 218183, 196846, 213068, 196865, 213065, 257, 180608, 213049, 257, 180608, 213071, 256, ...
    180608, 17312, 82689, 218191, 17088, 82443, 218201, 196869, 213121, 82434, 218205, 196876, 213121, 82435, 218209, 196882, ...
    213121, 82436, 218213, 196886, 213121, 82437, 218217, 196893, 213121, 82438, 218221, 196898, 213121, 82439, 218225, 196904, ...
    213121, 82440, 218229, 196913, 213121, 82441, 218233, 196923, 213121, 82442, 218237, 196928, 213121, 196865, 257, 180608, ...
    213071, 257, 180608, 213124, 256, 180608, 17312, 82689, 218244, 17088, 82433, 218256, 196865, 257, 180608, 213124, ...
    17632, 82945, 217237, 196836, 213143, 196836, 196846, 17088, 82443, 218268, 196869, 213217, 82434, 218272, 196876, 213217, ...
    82435, 218276, 196882, 213217, 82436, 218280, 196886, 213217, 82437, 218284, 196893, 213217, 82438, 218288, 196898, 213217, ...
    82439, 218292, 196904, 213217, 82440, 218296, 196913, 213217, 82441, 218300, 196923, 213217, 82442, 218304, 196928, 213217, ...
    82446, 218308, 196934, 213217, 82447, 218312, 196943, 213217, 82448, 218316, 196957, 213217, 82449, 218320, 196967, 213217, ...
    82450, 218324, 196978, 213217, 82451, 218328, 196980, 213217, 82452, 218332, 196987, 213217, 82453, 218336, 196996, 213217, ...
    196998, 257, 180608, 212995, 197198, 197266, 197268, 197206, 197248, 197156, 197176, 197262, 197262, 172032, 197210, 197210, ...
    197146, 197146, 197158, 197158, 197214, 197196, 197196, 197232, 197232, 172032, 197224, 197208, 197156, 197156, 197232, 197232, ...
    172032, 197174, 197252, 197218, 172032, 197262, 197174, 197174, 197228, 197228, 197220, 172032, 197250, 197250, 197150, 197150, ...
    197214, 172032, 197238, 197244, 197244, 172032, 197234, 197234, 197228, 197228, 197198, 197198, 172032, 197184, 197184, 197218, ...
    197218, 172032, 197184, 197184, 197158, 197158, 197246, 172032, 197232, 197232, 197196, 197196, 197204, 197204, 197232, 197232, ...
    172032, 197232, 197232, 197174, 197174, 197246, 197246, 197196, 197196, 197214, 172032, 197182, 197182, 197268, 197238, 172032, ...
    197216, 197146, 197158, 197158, 197214, 172032, 197236, 197236, 197174, 197174, 197174, 197174, 197214, 197214, 172032, 197196, ...
    197196, 197196, 197196, 197208, 197208, 197174, 197174, 197246, 197246, 197196, 197196, 197214, 172032, 197238, 197238, 197250, ...
    197174, 197174, 197176, 197176, 197246, 197246, 172032, 197234, 197234, 197180, 197180, 197238, 197238, 197198, 197198, 197214, ...
    197214, 172032, 196893, 213355, 197184, 197184, 197196, 197196, 197184, 197184, 213355, 197232, 197232, 197196, 197196, 197204, ...
    197204, 197232, 197232, 213355, 196913, 213355, 196923, 213355, 196928, 213355, 197238, 197250, 197174, 197214, 197238, 197198, ...
    172032, 197234, 197178, 213390, 196893, 213390, 197184, 197196, 197184, 213390, 196904, 213390, 196913, 213390, 196923, 213390, ...
    196928, 213390, 197194, 197156, 197214, 197168, 197228, 197166, 172032, 197168, 197174, 197174, 197224, 197234, 213519, 197224, ...
    197222, 197236, 213519, 197182, 197206, 197148, 213519, 197148, 197208, 197152, 197210, 213519, 197150, 197212, 213519, 197150, ...
    197184, 197184, 213519, 197230, 197148, 197208, 197220, 213519, 197196, 197196, 197214, 197168, 213519, 197250, 197150, 197236, ...
    197164, 213519, 197208, 197196, 197210, 197196, 197236, 213519, 197232, 197232, 197174, 197238, 213519, 197192, 197174, 197168, ...
    197196, 197212, 213519, 197200, 197198, 197224, 197198, 197174, 197232, 197232, 213519, 197216, 197220, 213519, 197168, 197182, ...
    197238, 197156, 213519, 197216, 197218, 197192, 213519, 197232, 197232, 197154, 197234, 197234, 213519, 197198, 197232, 197232, ...
    197238, 213519, 197250, 197174, 197232, 197232, 197238, 213519, 197224, 197196, 197262, 197196, 197230, 197214, 213519, 197272, ...
    172032, 180288, 257, 180512, 16896, 82433, 218644, 256, 180512, 172032, 24, 213521, 26, 213521, 23, 213521, ...
    59, 213521, 32, 213521, 15, 213521, 6, 213521, 28, 213521, 63, 213521, 50, 213521, 21, 213521, ...
    33, 213521, 18, 213521, 54, 213521, 7, 213521, 62, 213521, 51, 213521, 52, 213521, 20, 213521, ...
    40, 213521, 36, 213521, 61, 213521, 34, 213521, 27, 213521, 57, 213521, 12, 213521, 19, 213521, ...
    10, 213521, 42, 213521, 41, 213521, 8, 213521, 45, 213521, 16, 213521, 44, 213521, 11, 213521, ...
    56, 213521, 58, 213521, 53, 213521, 5, 213521, 9, 213521, 14, 213521, 39, 213521, 37, 213521, ...
    55, 213521, 29, 213521, 17, 213521, 13, 213521, 30, 213521, 22, 213521, 31, 213521, 35, 213521, ...
    48, 213521, 46, 213521, 47, 213521, 60, 213521, 49, 213521, 25, 213521, 38, 213521, 43, 213521, ...
    0, 213521, 1, 213521, 2, 213521, 3, 213521, 4, 213521, 197272, 197272, 197270, 213521, 0, 0, ...
    0, 0, 0, 0, 0, 0, 0, 0, 0, 0, 0, 0, 0, 0, 0, 0, ...
    0, 0, 0, 0, 0, 0, 0, 0, 0, 0, 0, 0, 0, 0, 0, 0, ...
    0, 0, 0, 0, 0, 0, 0, 0, 0, 0, 0, 0, 0, 0, 0, 0, ...
    0, 0, 0, 0, 0, 0, 0, 0, 0, 0, 0, 0, 0, 0, 0, 0, ...
    0, 0, 0, 0, 0, 0, 0, 0, 0, 0, 0, 0, 0, 0, 0, 0, ...
    0, 0, 0, 0, 0, 0, 0, 0, 0, 0, 0, 0, 0, 0, 0, 0, ...
    0, 0, 0, 0, 0, 0, 0, 0, 0, 0, 0, 0, 0, 0, 0, 0, ...
    0, 0, 0, 0, 0, 0, 0, 0, 0, 0, 0, 0, 0, 0, 0, 0, ...
    0, 0, 0, 0, 0, 0, 0, 0, 0, 0, 0, 0, 0, 0, 0, 0, ...
    0, 0, 0, 0, 0, 0, 0, 0, 0, 0, 0, 0, 0, 0, 0, 0, ...
    0, 0, 0, 0, 0, 0, 0, 0, 0, 0, 0, 0, 0, 0, 0, 0, ...
    0, 0, 0, 0, 0, 0, 0, 0, 0, 0, 0, 0, 0, 0, 0, 0, ...
    0, 0, 0, 0, 0, 0, 0, 0, 0, 0, 0, 0, 0, 0, 0, 0, ...
    0, 0, 0, 0, 0, 0, 0, 0, 0, 0, 0, 0, 0, 0, 0, 0, ...
    0, 0, 0, 0, 0, 0, 0, 0, 0, 0, 0, 0, 0, 0, 0, 0, ...
    0, 0, 0, 0, 0, 0, 0, 0, 0, 0, 0, 0, 0, 0, 0, 0, ...
    0, 0, 0, 0, 0, 0, 0, 0, 0, 0, 0, 0, 0, 0, 0, 0, ...
    0, 0, 0, 0, 0, 0, 0, 0, 0, 0, 0, 0, 0, 0, 0, 0, ...
    0, 0, 0, 0, 0, 0, 0, 0, 0, 0, 0, 0, 0, 0, 0, 0, ...
    0, 0, 0, 0, 0, 0, 0, 0, 0, 0, 0, 0, 0, 0, 0, 0, ...
    0, 0, 0, 0, 0, 0, 0, 0, 0, 0, 0, 0, 0, 0, 0, 0, ...
    0, 0, 0, 0, 0, 0, 0, 0, 0, 0, 0, 0, 0, 0, 0, 0, ...
  ];

  return;
